   -0.08742819
   -0.08122717
   -0.02272179
   -0.02841776
    0.04748815
    0.04404957
    0.06210933
    0.08422111
    0.05771033
    0.05740177
    0.00069533
    0.00551054
    0.01120134
    0.01039238
   -0.17579612
   -0.47558409
    0.20456791
    0.20006989
   -0.22724717
   -0.22379102
    0.03200093
   -0.02455730
   -0.01425734
   -0.02793234
   -0.02311427
   -0.02449834
    0.04082241
    0.05919665
    0.03729654
    0.04293427
    0.03902497
    0.03630777
   -0.02392132
   -0.00777562
   -0.02670346
   -0.02592270
   -0.02462698
    0.04053201
    0.06102921
    0.03647299
    0.03519966
    0.03652092
    0.03033842
   -0.01603915
   -0.02215998
   -0.02384437
   -0.02722187
   -0.02425090
    0.06533569
    0.03639042
    0.04374278
    0.03719530
    0.03924902
    0.03837377
   -0.01974563
   -0.01521778
   -0.02869695
   -0.02362228
   -0.02568524
    0.03518532
    0.04852818
    0.03182058
    0.03890032
    0.03484842
    0.05205415
   -0.44588130
    0.30868894
    0.02977759
    0.04301864
    0.02168486
