           1           3   1.01220551126533     
           2           4   1.01471434328771     
           3           5  0.937733471022915     
           4           6  0.939066873625550     
           3           7  0.932472920096875     
           4           8  0.924140798076668     
           3           9  0.979869418487230     
           4          10  0.977148676586663     
           9          11  0.955735749099242     
          10          12  0.954607942307258     
           9          13  0.956874263559294     
          10          14  0.960255896466387     
           1          15  0.107944225470094     
           9          15   1.00023654945852     
          10          15  0.998549849689625     
           1          16  0.915778591078390     
           2          16  0.890374339196625     
          15          16   1.02549513819827     
          16          17   1.39058070226406     
          16          18   1.47429825446612     
          16          19  0.324099588542373     
          17          19   2.02292125701864     
          16          20  0.335963360313040     
          18          20   2.01554779260992     
           2          21   1.00915002036040     
          21          22   1.38289915950229     
          21          23   1.37305169509317     
          22          24   1.44254106632239     
          23          24  0.109073112845695     
          22          25  0.107687782634596     
          23          25   1.45264653309775     
          21          26  0.104333564739088     
          24          26   1.43860161370972     
          25          26   1.43133700322747     
          22          27  0.959778081880171     
          23          28  0.941036947148556     
          24          29  0.969415140521285     
          25          30  0.968982376893495     
          26          31  0.970803893381827     
           2          32  0.986475896031565     
          32          33   1.37851940346633     
          32          34   1.38449291540336     
          33          35   1.45031765175665     
          34          35  0.107994450714304     
          33          36  0.109999082247404     
          34          36   1.44311974833771     
          32          37  0.104920957808175     
          35          37   1.43223985603061     
          36          37   1.43879037727062     
          33          38  0.958377163546274     
          34          39  0.927267955273409     
          35          40  0.969323830736651     
          36          41  0.969544957258009     
          37          42  0.970938790784714     
           1          43  0.998726188813978     
          43          44   1.38977401772447     
          43          45   1.37650308738400     
          44          46   1.43927678357537     
          45          46  0.110750789673103     
          44          47  0.107208094391207     
          45          47   1.45421421304897     
          43          48  0.105046381622638     
          46          48   1.44280145739205     
          47          48   1.42858048022487     
          44          49  0.936832781342927     
          45          50  0.959692696370223     
          46          51  0.969017620677313     
          47          52  0.969203577320917     
          48          53  0.970786494897154     
           1          54  0.995611905342532     
          54          55   1.38450900396310     
          54          56   1.36398706249074     
          55          57   1.44015161919694     
          56          57  0.109402448607947     
          55          58  0.106433983273014     
          56          58   1.45808790015260     
          54          59  0.103355094836012     
          57          59   1.44095438723339     
          58          59   1.42714136114099     
          55          60  0.956661737892360     
          56          61  0.951795811622989     
          57          62  0.969895962945631     
          58          63  0.969154240110463     
          59          64  0.971125376280874     
          65          66   1.01092660911664     
          66          67  0.864091165646564     
          65          68  0.980310686403101     
          65          69  0.984363938058685     
          65          70  0.976408361200062     
